0       407
1       407
2       407
3       407
4       407
5       409
6       410
7       410
8       411
9       404
10      405
11      412
12      409
13      409
14      409
15      409
16      409
17      409
18      409
19      409
20      409
21      409
22      409
23      409
24      408
25      408
26      408
27      408
28      408
29      408
30      410
31      410
32      410
33      410
34      410
35      410
36      410
37      410
38      410
39      410
40      410
41      410
42      410
43      406
44      406
45      411
46      411
47      411
48      411
49      411
50      411
51      411
52      411
53      411
54      411
55      411
56      411
57      411
58      411
59      412
60      412
61      412
62      412
63      412
64      412
65      412
66      412
67      412
68      412
69      412
70      412
71      412
72      412
73      410
74      410
75      410
76      410
77      410
78      410
79      410
80      410
81      411
82      411
83      411
84      411
85      411
86      411
87      411
88      411
89      411
90      412
91      412
92      412
93      412
94      412
95      412
96      412
97      412
98      412
99      411
100     411
101     411
102     411
103     411
104     411
105     411
106     411
107     412
108     412
109     412
110     412
111     412
112     412
113     412
114     412
115     411
116     411
117     411
118     411
119     411
120     411
121     411
122     411
123     412
124     412
125     412
126     412
127     412
128     412
129     412
130     412
131     411
132     411
133     411
134     411
135     411
136     411
137     412
138     412
139     412
140     412
141     412
142     412
143     412
144     412
145     412
146     412
147     412
148     412
149     412
150     412
151     412
152     412
153     412
154     412
155     412
156     412
157     412
158     412
159     412
160     412
161     412
162     412
163     412
164     412
165     412
166     412
167     412
168     412
169     412
170     412
171     412
172     412
173     412
174     412
175     412
176     412
177     412
178     412
179     412
180     412
181     412
182     412
183     412
184     412