0       394
1       385
2       385
3       387
4       387
5       387
6       391
7       391
8       391
9       391
10      391
11      391
12      391
13      391
14      391
15      391
16      390
17      390
18      390
19      390
20      390
21      390
22      389
23      389
24      389
25      388
26      388
27      391
28      391
29      394
30      394
31      394
32      394
33      394
34      394
35      394
36      394
37      394
38      393
39      393
40      393
41      393
42      393
43      393
44      393
45      393
46      393
47      393
48      392
49      392
50      392
51      392
52      392
53      392
54      392
55      392
56      392
57      392
58      394
59      394
60      394
61      394
62      394
63      394
64      394
65      394
66      394
67      394
68      393
69      393
70      393
71      393
72      393
73      393
74      393
75      393
76      393
77      393
78      392
79      392
80      392
81      392
82      392
83      392
84      392
85      392
86      392
87      392
88      394
89      394
90      394
91      394
92      394
93      394
94      394
95      394
96      394
97      394
98      393
99      393
100     393
101     393
102     393
103     393
104     393
105     393
106     393
107     393
108     392
109     392
110     394
111     394
112     394
113     394
114     394
115     394
116     394
117     394
118     394
119     394
120     393
121     393
122     393
123     393
124     393
125     393
126     393
127     393
128     393
129     393
130     394
131     394
132     394
133     394
134     394
135     394
136     394
137     394
138     394
139     394
140     393
141     393
142     393
143     393
144     394
145     394
146     394
147     394
148     394
149     394
150     394
151     394
152     394
153     394
154     394
155     394
156     394
157     394
158     394
159     394
160     394
161     394
162     394
163     394
164     394
165     394
166     394
167     394
168     394
169     394
170     394
171     394
172     394
173     394
174     394
175     394
176     394
177     394
178     394
179     394
180     394
181     394
182     394
183     394
184     394
185     394
186     394