0       370
1       370
2       370
3       370
4       369
5       368
6       367
7       371
8       371
9       371
10      371
11      371
12      371
13      375
14      375
15      375
16      375
17      375
18      375
19      375
20      375
21      375
22      375
23      375
24      375
25      375
26      375
27      375
28      375
29      375
30      375
31      375
32      375
33      375
34      375
35      375
36      375
37      375
38      375
39      375
40      375
41      375
42      375
43      375
44      375
45      375
46      375
47      375
48      375
49      375
50      375
51      375
52      375
53      375
54      375
55      375
56      375
57      375
58      375
59      375
60      375
61      375
62      375
63      375
64      375
65      375
66      375
67      375
68      375
69      375
70      375
71      375
72      375
73      375
74      375
75      375
76      375
77      375
78      375
79      375
80      375
81      375
82      375
83      375
84      375
85      375
86      375
87      375
88      375
89      375
90      375
91      375
92      375
93      375
94      375
95      375
96      375
97      375
98      375
99      375
100     375
101     375
102     373
103     373
104     373
105     373
106     373
107     373
108     373
109     373
110     373
111     373
112     373
113     373
114     373
115     373
116     373
117     373
118     373
119     373
120     373
121     373
122     373
123     373
124     373
125     372
126     372
127     372
128     372
129     372
130     372
131     372
132     372
133     372
134     372
135     372
136     374
137     374
138     374
139     374
140     374
141     374
142     374
143     374
144     374
145     374
146     374
147     374
148     374
149     374
150     374
151     374
152     374
153     374
154     374
155     374
156     374
157     374
158     374
159     374
160     374
161     374
162     374
163     374
164     374
165     374
166     374
167     374
168     374
169     374
170     374
171     374
172     374
173     374
174     374
175     374
176     374
177     374
178     374
179     374
180     374